1 1 1 0
1 1 3 0
1 2 1 1.16469
1 2 3 1.20992
1 3 1 1.13018
1 3 3 1.10158
1 4 1 1.10197
1 4 3 1.07438
1 5 1 1.03179
1 5 3 1.03525
1 6 1 1.02137
1 6 3 1.06642
1 7 1 1.01284
1 7 3 1.04157
1 8 1 1.0086
1 8 3 1.01176
1 9 1 1.01137
1 9 3 1.00861
1 10 1 1.00343
1 10 3 1.00976
1 11 1 1.01063
1 11 3 1.01572
1 12 1 1.00896
1 12 3 1.02529
1 13 1 1.01178
1 13 3 1.01869
1 14 1 1.0026
1 14 3 1.01005
1 15 1 1.03451
1 15 3 1.02574
1 16 1 1.08048
1 16 3 1.03833
1 17 1 1.06869
1 17 3 1.06947
1 18 1 0
1 18 3 0
2 1 1 0
2 1 3 0
2 2 1 1.0216
2 2 3 1.09478
2 3 1 1.08094
2 3 3 1.0509
2 4 1 1.23989
2 4 3 1.16282
2 5 1 1.13168
2 5 3 1.12573
2 6 1 1.05866
2 6 3 1.01179
2 7 1 1.09026
2 7 3 1.0218
2 8 1 1.03088
2 8 3 1.02229
2 9 1 1.03602
2 9 3 1.00313
2 10 1 1.04189
2 10 3 1.01092
2 11 1 1.07757
2 11 3 1.01449
2 12 1 1.02829
2 12 3 1.02035
2 13 1 1.01175
2 13 3 1.00882
2 14 1 1.005
2 14 3 1.0065
2 15 1 1.05478
2 15 3 1.02246
2 16 1 1.13056
2 16 3 1.06345
2 17 1 1.08288
2 17 3 1.15492
2 18 1 0
2 18 3 0
3 1 1 0
3 1 3 0
3 2 1 1.06624
3 2 3 1.05951
3 3 1 1.08886
3 3 3 1.04803
3 4 1 1.06878
3 4 3 1.02874
3 5 1 1.02777
3 5 3 1.01262
3 6 1 1.01528
3 6 3 1.01878
3 7 1 1.03983
3 7 3 1.0127
3 8 1 1.01894
3 8 3 1.01187
3 9 1 1.00273
3 9 3 1.0159
3 10 1 1.00516
3 10 3 1.00677
3 11 1 1.00628
3 11 3 1.02127
3 12 1 1.01008
3 12 3 1.0049
3 13 1 1.00735
3 13 3 1.00409
3 14 1 1.00837
3 14 3 1.00538
3 15 1 1.02335
3 15 3 1.01738
3 16 1 1.02092
3 16 3 1.01255
3 17 1 1.05342
3 17 3 1.03743
3 18 1 0
3 18 3 0
4 1 1 0
4 1 3 0
4 2 1 1.28661
4 2 3 1.3398
4 3 1 1.07556
4 3 3 1.13897
4 4 1 1.10803
4 4 3 1.04637
4 5 1 1.09013
4 5 3 1.03679
4 6 1 1.2213
4 6 3 1.03991
4 7 1 1.02694
4 7 3 1.02883
4 8 1 1.01753
4 8 3 1.01508
4 9 1 1.02608
4 9 3 1.01588
4 10 1 1.02483
4 10 3 1.02229
4 11 1 1.08641
4 11 3 1.08269
4 12 1 1.02087
4 12 3 1.04268
4 13 1 1.03151
4 13 3 1.06002
4 14 1 1.03709
4 14 3 1.01646
4 15 1 1.02627
4 15 3 1.07977
4 16 1 1.08551
4 16 3 1.22445
4 17 1 1.13783
4 17 3 1.2312
4 18 1 0
4 18 3 0
5 1 1 0
5 1 3 0
5 2 1 1.16182
5 2 3 1.43186
5 3 1 1.04167
5 3 3 1.06487
5 4 1 1.03085
5 4 3 1.03492
5 5 1 1.01403
5 5 3 1.02721
5 6 1 1.01451
5 6 3 1.00887
5 7 1 1.01803
5 7 3 1.00061
5 8 1 1.01014
5 8 3 1.0037
5 9 1 1.03711
5 9 3 1.00664
5 10 1 1.00727
5 10 3 1.0029
5 11 1 1.01116
5 11 3 1.00102
5 12 1 1.01462
5 12 3 1.00145
5 13 1 1.00107
5 13 3 1.0014
5 14 1 1.01143
5 14 3 1.0068
5 15 1 1.01237
5 15 3 1.0115
5 16 1 1.01779
5 16 3 1.01582
5 17 1 1.077
5 17 3 1.08659
5 18 1 0
5 18 3 0
6 1 1 0
6 1 3 0
6 2 1 1.07144
6 2 3 1.04796
6 3 1 1.0455
6 3 3 1.02457
6 4 1 1.02667
6 4 3 1.0439
6 5 1 1.03914
6 5 3 1.01571
6 6 1 1.1375
6 6 3 1.01609
6 7 1 1.01397
6 7 3 1.00843
6 8 1 1.00306
6 8 3 1.00452
6 9 1 1.00398
6 9 3 1.00216
6 10 1 1.0031
6 10 3 1.01489
6 11 1 1.01566
6 11 3 1.00533
6 12 1 1.00717
6 12 3 1.00534
6 13 1 1.00189
6 13 3 1.02159
6 14 1 1.00951
6 14 3 1.01147
6 15 1 1.01224
6 15 3 1.00147
6 16 1 1.02656
6 16 3 1.0221
6 17 1 1.10629
6 17 3 1.17907
6 18 1 0
6 18 3 0
