1 1 50
1 2 50
1 3 50
1 4 50
1 5 50
1 6 50
1 7 50
1 8 50
1 9 50
1 10 50
1 11 50
1 12 50
1 13 50
1 14 50
1 15 60
1 16 60
1 17 60
1 18 60
2 1 50
2 2 50
2 3 50
2 4 50
2 5 50
2 6 50
2 7 50
2 8 50
2 9 50
2 10 50
2 11 50
2 12 50
2 13 50
2 14 50
2 15 70
2 16 70
2 17 70
2 18 70
3 1 50
3 2 50
3 3 50
3 4 50
3 5 50
3 6 50
3 7 50
3 8 50
3 9 50
3 10 50
3 11 50
3 12 50
3 13 50
3 14 50
3 15 70
3 16 70
3 17 70
3 18 70
4 1 50
4 2 50
4 3 50
4 4 50
4 5 50
4 6 50
4 7 50
4 8 50
4 9 50
4 10 50
4 11 50
4 12 50
4 13 50
4 14 50
4 15 70
4 16 70
4 17 70
4 18 70
5 1 50
5 2 50
5 3 50
5 4 50
5 5 50
5 6 50
5 7 50
5 8 50
5 9 50
5 10 50
5 11 50
5 12 50
5 13 50
5 14 50
5 15 70
5 16 70
5 17 70
5 18 70
6 1 50
6 2 50
6 3 50
6 4 50
6 5 50
6 6 50
6 7 50
6 8 50
6 9 50
6 10 50
6 11 50
6 12 50
6 13 50
6 14 50
6 15 70
6 16 70
6 17 70
6 18 70
