1 1 30
1 2 30
1 3 30
1 4 30
1 5 30
1 6 30
1 7 30
1 8 30
1 9 30
1 10 30
1 11 30
1 12 30
1 13 30
1 14 30
1 15 40
1 16 40
1 17 40
1 18 40
2 1 30
2 2 30
2 3 30
2 4 30
2 5 30
2 6 30
2 7 30
2 8 30
2 9 30
2 10 30
2 11 30
2 12 30
2 13 30
2 14 30
2 15 50
2 16 50
2 17 50
2 18 50
3 1 30
3 2 30
3 3 30
3 4 30
3 5 30
3 6 30
3 7 30
3 8 30
3 9 30
3 10 30
3 11 30
3 12 30
3 13 30
3 14 30
3 15 50
3 16 50
3 17 50
3 18 50
4 1 30
4 2 30
4 3 30
4 4 30
4 5 30
4 6 30
4 7 30
4 8 30
4 9 30
4 10 30
4 11 30
4 12 30
4 13 30
4 14 30
4 15 50
4 16 50
4 17 50
4 18 50
5 1 30
5 2 30
5 3 30
5 4 30
5 5 30
5 6 30
5 7 30
5 8 30
5 9 30
5 10 30
5 11 30
5 12 30
5 13 30
5 14 30
5 15 50
5 16 50
5 17 50
5 18 50
6 1 30
6 2 30
6 3 30
6 4 30
6 5 30
6 6 30
6 7 30
6 8 30
6 9 30
6 10 30
6 11 30
6 12 30
6 13 30
6 14 30
6 15 50
6 16 50
6 17 50
6 18 50
