1 1 1 0.124377
1 1 2 0.001814
1 2 1 0.634143
1 2 2 0.555010
1 3 1 0.699640
1 3 2 0.732512
1 4 1 0.748562
1 4 2 0.787768
1 5 1 0.884166
1 5 2 0.876155
1 6 1 0.912870
1 6 2 0.796802
1 7 1 0.946109
1 7 2 0.871519
1 8 1 0.958870
1 8 2 0.948218
1 9 1 0.959042
1 9 2 0.959803
1 10 1 0.984022
1 10 2 0.960896
1 11 1 0.958046
1 11 2 0.944002
1 12 1 0.966010
1 12 2 0.910945
1 13 1 0.954786
1 13 2 0.930555
1 14 1 0.986119
1 14 2 0.953303
1 15 1 0.907439
1 15 2 0.923011
1 16 1 0.804056
1 16 2 0.893138
1 17 1 0.838932
1 17 2 0.846465
1 18 1 0.422483
1 18 2 0.533512
2 1 1 0.155196
2 1 2 0.117072
2 2 1 0.916633
2 2 2 0.783945
2 3 1 0.803535
2 3 2 0.856087
2 4 1 0.566934
2 4 2 0.658408
2 5 1 0.690432
2 5 2 0.725106
2 6 1 0.816460
2 6 2 0.950963
2 7 1 0.772754
2 7 2 0.918154
2 8 1 0.876425
2 8 2 0.927804
2 9 1 0.867971
2 9 2 0.984834
2 10 1 0.871838
2 10 2 0.958267
2 11 1 0.787434
2 11 2 0.934340
2 12 1 0.912010
2 12 2 0.917373
2 13 1 0.949752
2 13 2 0.965431
2 14 1 0.975018
2 14 2 0.977587
2 15 1 0.868803
2 15 2 0.941754
2 16 1 0.743901
2 16 2 0.868743
2 17 1 0.837506
2 17 2 0.776506
2 18 1 0.425985
2 18 2 0.536044
3 1 1 0.140247
3 1 2 0.111382
3 2 1 0.787956
3 2 2 0.801510
3 3 1 0.783259
3 3 2 0.858627
3 4 1 0.835224
3 4 2 0.908508
3 5 1 0.903212
3 5 2 0.950519
3 6 1 0.937235
3 6 2 0.921754
3 7 1 0.866590
3 7 2 0.942382
3 8 1 0.933103
3 8 2 0.946396
3 9 1 0.983245
3 9 2 0.937632
3 10 1 0.976922
3 10 2 0.969951
3 11 1 0.971042
3 11 2 0.927191
3 12 1 0.963145
3 12 2 0.976742
3 13 1 0.970746
3 13 2 0.979294
3 14 1 0.970786
3 14 2 0.978483
3 15 1 0.942036
3 15 2 0.946038
3 16 1 0.945050
3 16 2 0.956605
3 17 1 0.892416
3 17 2 0.914225
3 18 1 0.511134
3 18 2 0.309167
4 1 1 0.115728
4 1 2 0.043899
4 2 1 0.552452
4 2 2 0.487519
4 3 1 0.798644
4 3 2 0.721106
4 4 1 0.717535
4 4 2 0.876956
4 5 1 0.742692
4 5 2 0.895296
4 6 1 0.593232
4 6 2 0.863019
4 7 1 0.900996
4 7 2 0.908279
4 8 1 0.919022
4 8 2 0.941275
4 9 1 0.883590
4 9 2 0.926241
4 10 1 0.906568
4 10 2 0.914959
4 11 1 0.783601
4 11 2 0.792823
4 12 1 0.913037
4 12 2 0.870107
4 13 1 0.874602
4 13 2 0.820400
4 14 1 0.886973
4 14 2 0.935122
4 15 1 0.918432
4 15 2 0.813795
4 16 1 0.818565
4 16 2 0.639892
4 17 1 0.750287
4 17 2 0.649956
4 18 1 0.580536
4 18 2 0.492019
5 1 1 0.283791
5 1 2 0.230681
5 2 1 0.665020
5 2 2 0.424536
5 3 1 0.890873
5 3 2 0.832278
5 4 1 0.907778
5 4 2 0.894222
5 5 1 0.946974
5 5 2 0.924608
5 6 1 0.944011
5 6 2 0.972854
5 7 1 0.927645
5 7 2 0.996363
5 8 1 0.937846
5 8 2 0.983227
5 9 1 0.873100
5 9 2 0.970789
5 10 1 0.967938
5 10 2 0.985317
5 11 1 0.958339
5 11 2 0.993378
5 12 1 0.961967
5 12 2 0.993462
5 13 1 0.995122
5 13 2 0.992327
5 14 1 0.957841
5 14 2 0.975664
5 15 1 0.968491
5 15 2 0.969258
5 16 1 0.960293
5 16 2 0.961941
5 17 1 0.856535
5 17 2 0.853373
5 18 1 0.425951
5 18 2 0.434229
6 1 1 0.129595
6 1 2 0.163825
6 2 1 0.791168
6 2 2 0.849423
6 3 1 0.867647
6 3 2 0.914448
6 4 1 0.906795
6 4 2 0.859387
6 5 1 0.869246
6 5 2 0.943123
6 6 1 0.718674
6 6 2 0.942475
6 7 1 0.947841
6 7 2 0.961915
6 8 1 0.981183
6 8 2 0.976550
6 9 1 0.980454
6 9 2 0.987181
6 10 1 0.986398
6 10 2 0.994082
6 11 1 0.943075
6 11 2 0.981184
6 12 1 0.975512
6 12 2 0.979736
6 13 1 0.989072
6 13 2 0.936884
6 14 1 0.965793
6 14 2 0.971562
6 15 1 0.965919
6 15 2 0.995021
6 16 1 0.935257
6 16 2 0.942907
6 17 1 0.817873
6 17 2 0.746644
6 18 1 0.662468
6 18 2 0.394659
