1 1 1 0
1 1 3 0
1 2 1 1.57693
1 2 3 1.80177
1 3 1 1.42931
1 3 3 1.36517
1 4 1 1.33589
1 4 3 1.26941
1 5 1 1.13101
1 5 3 1.14135
1 6 1 1.09545
1 6 3 1.25502
1 7 1 1.05696
1 7 3 1.14742
1 8 1 1.04289
1 8 3 1.05461
1 9 1 1.04271
1 9 3 1.04188
1 10 1 1.01624
1 10 3 1.0407
1 11 1 1.04379
1 11 3 1.05932
1 12 1 1.03519
1 12 3 1.09776
1 13 1 1.04736
1 13 3 1.07463
1 14 1 1.01408
1 14 3 1.04898
1 15 1 1.102
1 15 3 1.08341
1 16 1 1.24369
1 16 3 1.11965
1 17 1 1.19199
1 17 3 1.18138
1 18 1 0
1 18 3 0
2 1 1 0
2 1 3 0
2 2 1 1.09095
2 2 3 1.2756
2 3 1 1.2445
2 3 3 1.16811
2 4 1 1.76387
2 4 3 1.51882
2 5 1 1.44837
2 5 3 1.37911
2 6 1 1.2248
2 6 3 1.05157
2 7 1 1.29407
2 7 3 1.08914
2 8 1 1.141
2 8 3 1.07781
2 9 1 1.15211
2 9 3 1.0154
2 10 1 1.147
2 10 3 1.04355
2 11 1 1.26995
2 11 3 1.07027
2 12 1 1.09648
2 12 3 1.09007
2 13 1 1.05291
2 13 3 1.03581
2 14 1 1.02562
2 14 3 1.02293
2 15 1 1.15101
2 15 3 1.06185
2 16 1 1.34426
2 16 3 1.15109
2 17 1 1.19402
2 17 3 1.28782
2 18 1 0
2 18 3 0
3 1 1 0
3 1 3 0
3 2 1 1.26911
3 2 3 1.24765
3 3 1 1.27672
3 3 3 1.16465
3 4 1 1.19728
3 4 3 1.10071
3 5 1 1.10716
3 5 3 1.05206
3 6 1 1.06697
3 6 3 1.08489
3 7 1 1.15395
3 7 3 1.06114
3 8 1 1.07169
3 8 3 1.05664
3 9 1 1.01704
3 9 3 1.06652
3 10 1 1.02362
3 10 3 1.03098
3 11 1 1.02982
3 11 3 1.07853
3 12 1 1.03827
3 12 3 1.02381
3 13 1 1.03014
3 13 3 1.02114
3 14 1 1.03009
3 14 3 1.02199
3 15 1 1.06153
3 15 3 1.05704
3 16 1 1.05815
3 16 3 1.04536
3 17 1 1.12055
3 17 3 1.09382
3 18 1 0
3 18 3 0
4 1 1 0
4 1 3 0
4 2 1 1.81011
4 2 3 2.0512
4 3 1 1.25212
4 3 3 1.38676
4 4 1 1.39366
4 4 3 1.14031
4 5 1 1.34645
4 5 3 1.11695
4 6 1 1.68568
4 6 3 1.15872
4 7 1 1.10988
4 7 3 1.10098
4 8 1 1.08811
4 8 3 1.06239
4 9 1 1.13175
4 9 3 1.07963
4 10 1 1.10306
4 10 3 1.09295
4 11 1 1.27616
4 11 3 1.26132
4 12 1 1.09525
4 12 3 1.14928
4 13 1 1.14338
4 13 3 1.21892
4 14 1 1.12743
4 14 3 1.06938
4 15 1 1.08881
4 15 3 1.22881
4 16 1 1.22165
4 16 3 1.56276
4 17 1 1.33282
4 17 3 1.53857
4 18 1 0
4 18 3 0
5 1 1 0
5 1 3 0
5 2 1 1.50371
5 2 3 2.35551
5 3 1 1.12249
5 3 3 1.20152
5 4 1 1.10159
5 4 3 1.11829
5 5 1 1.056
5 5 3 1.08154
5 6 1 1.05931
5 6 3 1.0279
5 7 1 1.078
5 7 3 1.00365
5 8 1 1.06627
5 8 3 1.01706
5 9 1 1.14534
5 9 3 1.03009
5 10 1 1.03312
5 10 3 1.0149
5 11 1 1.04347
5 11 3 1.00667
5 12 1 1.03954
5 12 3 1.00658
5 13 1 1.0049
5 13 3 1.00773
5 14 1 1.04401
5 14 3 1.02494
5 15 1 1.03253
5 15 3 1.03172
5 16 1 1.04135
5 16 3 1.03956
5 17 1 1.16749
5 17 3 1.17182
5 18 1 0
5 18 3 0
6 1 1 0
6 1 3 0
6 2 1 1.26395
6 2 3 1.17727
6 3 1 1.15254
6 3 3 1.09356
6 4 1 1.10279
6 4 3 1.16362
6 5 1 1.15042
6 5 3 1.06031
6 6 1 1.39145
6 6 3 1.06104
6 7 1 1.05503
6 7 3 1.03959
6 8 1 1.01918
6 8 3 1.02401
6 9 1 1.01994
6 9 3 1.01299
6 10 1 1.01379
6 10 3 1.03145
6 11 1 1.06036
6 11 3 1.01895
6 12 1 1.0251
6 12 3 1.02068
6 13 1 1.01105
6 13 3 1.06737
6 14 1 1.03542
6 14 3 1.02927
6 15 1 1.03528
6 15 3 1.005
6 16 1 1.06922
6 16 3 1.06055
6 17 1 1.22268
6 17 3 1.33933
6 18 1 0
6 18 3 0
