1 1 1 0.893986
1 1 2 0.585489
1 2 1 0.938074
1 2 2 0.741077
1 3 1 0.959304
1 3 2 0.962728
1 4 1 0.960198
1 4 2 0.969864
1 5 1 0.985414
1 5 2 0.983892
1 6 1 0.991660
1 6 2 0.978107
1 7 1 0.994954
1 7 2 0.977742
1 8 1 0.996390
1 8 2 0.995118
1 9 1 0.995012
1 9 2 0.996881
1 10 1 0.998361
1 10 2 0.994814
1 11 1 0.995516
1 11 2 0.992484
1 12 1 0.995995
1 12 2 0.987823
1 13 1 0.995337
1 13 2 0.990970
1 14 1 0.996771
1 14 2 0.993211
1 15 1 0.997214
1 15 2 0.992155
1 16 1 0.987936
1 16 2 0.989969
1 17 1 0.896739
1 17 2 0.949417
1 18 1 0.039635
1 18 2 0.709494
2 1 1 0.063442
2 1 2 0.832211
2 2 1 0.990278
2 2 2 0.963808
2 3 1 0.970627
2 3 2 0.984222
2 4 1 0.918603
2 4 2 0.939558
2 5 1 0.947551
2 5 2 0.954264
2 6 1 0.975386
2 6 2 0.993693
2 7 1 0.972772
2 7 2 0.992124
2 8 1 0.987929
2 8 2 0.989173
2 9 1 0.985341
2 9 2 0.998519
2 10 1 0.980541
2 10 2 0.994372
2 11 1 0.969795
2 11 2 0.991840
2 12 1 0.984531
2 12 2 0.990162
2 13 1 0.992560
2 13 2 0.992351
2 14 1 0.996837
2 14 2 0.997786
2 15 1 0.995351
2 15 2 0.122299
2 16 1 0.980483
2 16 2 0.917249
2 17 1 1.000000
2 17 2 0.874270
2 18 1 0.998005
2 18 2 0.763931
3 1 1 0.286356
3 1 2 0.115016
3 2 1 0.975701
3 2 2 0.982354
3 3 1 0.969815
3 3 2 0.982112
3 4 1 0.969077
3 4 2 0.986678
3 5 1 0.984243
3 5 2 0.994335
3 6 1 0.993816
3 6 2 0.992269
3 7 1 0.983749
3 7 2 0.994164
3 8 1 0.992482
3 8 2 0.995703
3 9 1 0.999010
3 9 2 0.993172
3 10 1 0.997100
3 10 2 0.996663
3 11 1 0.996962
3 11 2 0.989138
3 12 1 0.993084
3 12 2 0.997060
3 13 1 0.955934
3 13 2 0.997792
3 14 1 0.992844
3 14 2 0.998758
3 15 1 0.156945
3 15 2 0.998523
3 16 1 0.954952
3 16 2 0.000000
3 17 1 0.025854
3 17 2 0.898053
3 18 1 0.099945
3 18 2 0.557835
4 1 1 0.562523
4 1 2 0.899767
4 2 1 0.909798
4 2 2 0.902891
4 3 1 0.968439
4 3 2 0.958536
4 4 1 0.899199
4 4 2 0.983107
4 5 1 0.966657
4 5 2 0.984315
4 6 1 0.946571
4 6 2 0.984146
4 7 1 0.987697
4 7 2 0.986714
4 8 1 0.992702
4 8 2 0.993987
4 9 1 0.989334
4 9 2 0.994028
4 10 1 0.988916
4 10 2 0.990948
4 11 1 0.967431
4 11 2 0.965519
4 12 1 0.988526
4 12 2 0.979944
4 13 1 0.984148
4 13 2 0.973129
4 14 1 0.986923
4 14 2 0.993392
4 15 1 0.998875
4 15 2 0.994166
4 16 1 0.984465
4 16 2 0.969344
4 17 1 0.011570
4 17 2 0.859803
4 18 1 0.040248
4 18 2 0.964174
5 1 1 0.832319
5 1 2 0.950009
5 2 1 0.936553
5 2 2 0.851954
5 3 1 0.977236
5 3 2 0.963142
5 4 1 0.983224
5 4 2 0.982047
5 5 1 0.993042
5 5 2 0.986100
5 6 1 0.992198
5 6 2 0.994425
5 7 1 0.992627
5 7 2 0.999822
5 8 1 0.995777
5 8 2 0.998832
5 9 1 0.984138
5 9 2 0.997361
5 10 1 0.996816
5 10 2 0.998731
5 11 1 0.995183
5 11 2 0.999530
5 12 1 0.986548
5 12 2 0.999341
5 13 1 0.000000
5 13 2 0.999266
5 14 1 0.996273
5 14 2 0.997180
5 15 1 0.078568
5 15 2 0.997532
5 16 1 0.000436
5 16 2 0.953875
5 17 1 0.212277
5 17 2 0.859033
5 18 1 0.950027
5 18 2 0.950023
6 1 1 0.660579
6 1 2 0.383537
6 2 1 0.973580
6 2 2 0.979229
6 3 1 0.981834
6 3 2 0.990732
6 4 1 0.988383
6 4 2 0.977755
6 5 1 0.982325
6 5 2 0.991360
6 6 1 0.952529
6 6 2 0.992111
6 7 1 0.992548
6 7 2 0.996515
6 8 1 0.998873
6 8 2 0.998348
6 9 1 0.998268
6 9 2 0.999338
6 10 1 0.998202
6 10 2 0.998606
6 11 1 0.992076
6 11 2 0.996885
6 12 1 0.996226
6 12 2 0.996370
6 13 1 0.999144
6 13 2 0.988934
6 14 1 0.993860
6 14 2 0.992131
6 15 1 0.109302
6 15 2 0.992546
6 16 1 0.950010
6 16 2 0.226690
6 17 1 0.787349
6 17 2 0.191509
6 18 1 0.021401
6 18 2 0.007048
