1 1 1 0.287223
1 1 2 0.024936
1 2 1 0.858598
1 2 2 0.826499
1 3 1 0.884815
1 3 2 0.907784
1 4 1 0.907465
1 4 2 0.930769
1 5 1 0.969190
1 5 2 0.965953
1 6 1 0.979073
1 6 2 0.937721
1 7 1 0.987326
1 7 2 0.960085
1 8 1 0.991474
1 8 2 0.988380
1 9 1 0.988762
1 9 2 0.991461
1 10 1 0.996581
1 10 2 0.990337
1 11 1 0.989482
1 11 2 0.984524
1 12 1 0.991119
1 12 2 0.975335
1 13 1 0.988354
1 13 2 0.981654
1 14 1 0.997410
1 14 2 0.990053
1 15 1 0.966641
1 15 2 0.974906
1 16 1 0.925513
1 16 2 0.963081
1 17 1 0.935721
1 17 2 0.935042
1 18 1 0.563304
1 18 2 0.657982
2 1 1 0.327844
2 1 2 0.277272
2 2 1 0.978861
2 2 2 0.913429
2 3 1 0.925122
2 3 2 0.951564
2 4 1 0.806520
2 4 2 0.859975
2 5 1 0.883640
2 5 2 0.888316
2 6 1 0.944593
2 6 2 0.988344
2 7 1 0.917211
2 7 2 0.978666
2 8 1 0.970048
2 8 2 0.978195
2 9 1 0.965233
2 9 2 0.996879
2 10 1 0.959797
2 10 2 0.989195
2 11 1 0.928012
2 11 2 0.985713
2 12 1 0.972486
2 12 2 0.980060
2 13 1 0.988389
2 13 2 0.991254
2 14 1 0.995028
2 14 2 0.993538
2 15 1 0.948068
2 15 2 0.978038
2 16 1 0.884515
2 16 2 0.940332
2 17 1 0.923464
2 17 2 0.865858
2 18 1 0.543997
2 18 2 0.640746
3 1 1 0.321568
3 1 2 0.269303
3 2 1 0.937872
3 2 2 0.943833
3 3 1 0.918390
3 3 2 0.954169
3 4 1 0.935650
3 4 2 0.972067
3 5 1 0.972981
3 5 2 0.987538
3 6 1 0.984949
3 6 2 0.981565
3 7 1 0.961691
3 7 2 0.987462
3 8 1 0.981416
3 8 2 0.988272
3 9 1 0.997281
3 9 2 0.984353
3 10 1 0.994868
3 10 2 0.993278
3 11 1 0.993760
3 11 2 0.979172
3 12 1 0.990019
3 12 2 0.995123
3 13 1 0.992701
3 13 2 0.995923
3 14 1 0.991699
3 14 2 0.994648
3 15 1 0.977179
3 15 2 0.982915
3 16 1 0.979504
3 16 2 0.987605
3 17 1 0.949286
3 17 2 0.963917
3 18 1 0.619377
3 18 2 0.432775
4 1 1 0.275158
4 1 2 0.159294
4 2 1 0.777234
4 2 2 0.746379
4 3 1 0.929752
4 3 2 0.877983
4 4 1 0.902504
4 4 2 0.955684
4 5 1 0.917318
4 5 2 0.964517
4 6 1 0.818797
4 6 2 0.961622
4 7 1 0.973770
4 7 2 0.971976
4 8 1 0.982770
4 8 2 0.985148
4 9 1 0.974579
4 9 2 0.984373
4 10 1 0.975770
4 10 2 0.978199
4 11 1 0.920466
4 11 2 0.923629
4 12 1 0.979556
4 12 2 0.959065
4 13 1 0.969454
4 13 2 0.943379
4 14 1 0.964238
4 14 2 0.983802
4 15 1 0.974402
4 15 2 0.926120
4 16 1 0.921227
4 16 2 0.816693
4 17 1 0.878869
4 17 2 0.812214
4 18 1 0.678284
4 18 2 0.602749
5 1 1 0.502040
5 1 2 0.415412
5 2 1 0.860718
5 2 2 0.698390
5 3 1 0.959996
5 3 2 0.939086
5 4 1 0.970072
5 4 2 0.966254
5 5 1 0.986168
5 5 2 0.973509
5 6 1 0.985697
5 6 2 0.991204
5 7 1 0.982292
5 7 2 0.999387
5 8 1 0.989962
5 8 2 0.996312
5 9 1 0.964216
5 9 2 0.993400
5 10 1 0.992783
5 10 2 0.997113
5 11 1 0.988962
5 11 2 0.998984
5 12 1 0.985588
5 12 2 0.998553
5 13 1 0.998934
5 13 2 0.998600
5 14 1 0.988697
5 14 2 0.993241
5 15 1 0.987784
5 15 2 0.988633
5 16 1 0.982522
5 16 2 0.984422
5 17 1 0.928505
5 17 2 0.920314
5 18 1 0.543787
5 18 2 0.551393
6 1 1 0.294874
6 1 2 0.338427
6 2 1 0.933325
6 2 2 0.954238
6 3 1 0.956481
6 3 2 0.976016
6 4 1 0.974019
6 4 2 0.957949
6 5 1 0.962332
6 5 2 0.984537
6 6 1 0.879121
6 6 2 0.984162
6 7 1 0.986226
6 7 2 0.991641
6 8 1 0.996954
6 8 2 0.995504
6 9 1 0.996033
6 9 2 0.997840
6 10 1 0.996909
6 10 2 0.998618
6 11 1 0.984579
6 11 2 0.994669
6 12 1 0.992882
6 12 2 0.994684
6 13 1 0.998109
6 13 2 0.978865
6 14 1 0.990576
6 14 2 0.988661
6 15 1 0.987912
6 15 2 0.998533
6 16 1 0.974128
6 16 2 0.978378
6 17 1 0.903918
6 17 2 0.848127
6 18 1 0.745326
6 18 2 0.515593
